0 0.642188 0.628646 0.170313 0.255208
0 0.405469 0.543750 0.164062 0.233333
2 0.884766 0.832292 0.049219 0.079167
2 0.847656 0.897396 0.040625 0.036458
2 0.600781 0.224479 0.054688 0.069792
2 0.629297 0.195312 0.049219 0.069792
2 0.617969 0.142187 0.062500 0.078125
2 0.524609 0.200521 0.074219 0.048958
2 0.377734 0.197396 0.066406 0.019792
2 0.370703 0.154167 0.064844 0.081250
2 0.501953 0.042708 0.069531 0.083333
2 0.323828 0.199479 0.047656 0.046875
2 0.217578 0.792188 0.055469 0.063542
2 0.213672 0.933854 0.041406 0.057292
2 0.455469 0.911979 0.045312 0.019792
2 0.920703 0.965625 0.008594 0.052083
2 0.816016 0.395833 0.019531 0.047917
2 0.754687 0.275000 0.029687 0.033333
2 0.853125 0.226042 0.012500 0.047917
2 0.990625 0.375521 0.010937 0.053125
2 0.462891 0.390625 0.035156 0.037500
2 0.566016 0.340104 0.030469 0.042708
2 0.769141 0.613542 0.021094 0.050000
1 0.958594 0.695833 0.070312 0.025000
0 0.023047 0.569792 0.044531 0.141667
2 0.062891 0.810937 0.067969 0.067708
1 0.113281 0.942187 0.046875 0.107292
1 0.064062 0.869271 0.059375 0.053125
2 0.898047 0.092188 0.022656 0.011458
2 0.936328 0.041146 0.028906 0.028125
3 0.767188 0.097396 0.226562 0.192708
3 0.937500 0.229167 0.125000 0.250000
3 0.890625 0.553125 0.218750 0.258333
3 0.792578 0.747917 0.128906 0.220833
3 0.955469 0.821354 0.089063 0.221875
3 0.804297 0.960938 0.217969 0.078125
3 0.655078 0.880208 0.338281 0.239583
3 0.337891 0.877083 0.182031 0.245833
3 0.164062 0.377083 0.234375 0.752083
3 0.139844 0.248438 0.278125 0.494792
3 0.578906 0.433854 0.121875 0.109375
3 0.524219 0.614583 0.040625 0.195833
3 0.353906 0.370833 0.135937 0.068750
3 0.677344 0.355208 0.150000 0.118750
3 0.396484 0.727604 0.205469 0.107292
