0 0.376172 0.554167 0.210156 0.293750
0 0.530859 0.555208 0.146094 0.164583
0 0.917578 0.556771 0.158594 0.269792
0 0.945312 0.847396 0.065625 0.103125
0 0.877734 0.960938 0.091406 0.078125
2 0.208203 0.825000 0.097656 0.200000
2 0.035547 0.766667 0.069531 0.158333
2 0.104688 0.976562 0.082812 0.046875
2 0.277344 0.966667 0.090625 0.066667
2 0.287500 0.873437 0.060937 0.094792
2 0.119922 0.758333 0.085156 0.112500
2 0.114844 0.916667 0.087500 0.079167
2 0.041797 0.884896 0.075781 0.084375
2 0.039453 0.521354 0.050781 0.059375
2 0.130859 0.526563 0.067969 0.080208
2 0.173437 0.570833 0.056250 0.052083
2 0.075781 0.400521 0.045312 0.076042
2 0.114453 0.330729 0.064844 0.059375
2 0.171094 0.351042 0.057813 0.104167
2 0.693750 0.723437 0.057813 0.044792
2 0.713281 0.768229 0.065625 0.069792
2 0.753125 0.377604 0.057813 0.044792
2 0.714453 0.325000 0.033594 0.079167
2 0.787891 0.256771 0.061719 0.042708
2 0.745703 0.157292 0.050781 0.110417
2 0.815625 0.172396 0.043750 0.094792
2 0.587109 0.092708 0.108594 0.083333
2 0.649219 0.133333 0.026562 0.047917
2 0.649609 0.084375 0.024219 0.031250
2 0.421875 0.106250 0.073438 0.116667
2 0.350391 0.125000 0.064844 0.087500
2 0.324609 0.039583 0.135156 0.077083
2 0.192969 0.100521 0.079687 0.078125
2 0.263281 0.147917 0.045312 0.062500
2 0.287891 0.098958 0.030469 0.062500
2 0.133203 0.044792 0.052344 0.087500
2 0.182031 0.061979 0.053125 0.117708
2 0.249219 0.237500 0.060937 0.081250
2 0.086719 0.183333 0.059375 0.089583
2 0.051172 0.228125 0.049219 0.058333
2 0.022656 0.100000 0.043750 0.068750
1 0.800391 0.811458 0.097656 0.102083
1 0.685937 0.836458 0.037500 0.060417
1 0.624609 0.798958 0.103906 0.091667
1 0.589063 0.827604 0.050000 0.101042
2 0.488281 0.925521 0.076563 0.136458
2 0.610156 0.913021 0.129688 0.078125
2 0.674219 0.982292 0.062500 0.035417
2 0.407813 0.913542 0.076563 0.064583
2 0.344141 0.972396 0.044531 0.055208
2 0.315625 0.763021 0.053125 0.057292
2 0.313672 0.419271 0.074219 0.101042
2 0.471484 0.446875 0.032031 0.093750
2 0.417187 0.373437 0.037500 0.044792
2 0.271875 0.366667 0.026562 0.052083
2 0.299609 0.647917 0.046094 0.058333
2 0.337500 0.663542 0.018750 0.058333
2 0.433984 0.681771 0.035156 0.038542
2 0.596094 0.659375 0.046875 0.041667
2 0.524219 0.647396 0.054688 0.046875
2 0.518359 0.427083 0.050781 0.043750
2 0.598437 0.411979 0.056250 0.071875
2 0.534375 0.389583 0.051562 0.052083
2 0.380078 0.260937 0.035156 0.028125
2 0.298047 0.255208 0.046094 0.047917
2 0.453516 0.147917 0.036719 0.029167
1 0.604297 0.197396 0.050781 0.073958
2 0.768750 0.311979 0.039062 0.076042
2 0.983984 0.276042 0.032031 0.102083
2 0.938281 0.035417 0.043750 0.064583
0 0.769531 0.475000 0.082812 0.145833
2 0.970703 0.746875 0.046094 0.047917
2 0.899219 0.811979 0.031250 0.038542
2 0.895312 0.757812 0.031250 0.059375
2 0.867969 0.765104 0.021875 0.044792
2 0.857422 0.728125 0.021094 0.027083
2 0.535156 0.786458 0.051562 0.079167
2 0.546484 0.961979 0.024219 0.042708
