1 0.387891 0.341667 0.103906 0.156250
1 0.365234 0.317188 0.196094 0.109375
0 0.336328 0.486979 0.158594 0.238542
0 0.567969 0.447396 0.064062 0.151042
0 0.804297 0.544792 0.117969 0.218750
0 0.922656 0.624479 0.106250 0.198958
0 0.044531 0.391667 0.087500 0.197917
0 0.034375 0.572917 0.067187 0.085417
0 0.148047 0.968229 0.069531 0.063542
0 0.049609 0.942187 0.064844 0.084375
2 0.406250 0.665104 0.064062 0.063542
1 0.787500 0.777083 0.073438 0.087500
1 0.632812 0.910937 0.073438 0.040625
1 0.824609 0.905729 0.050781 0.094792
1 0.910547 0.901042 0.032031 0.091667
1 0.885938 0.664062 0.035937 0.069792
1 0.858984 0.730729 0.041406 0.069792
1 0.823828 0.674479 0.041406 0.055208
1 0.976953 0.750521 0.044531 0.048958
1 0.952344 0.800000 0.040625 0.062500
1 0.940625 0.263542 0.078125 0.050000
2 0.736719 0.357812 0.078125 0.086458
2 0.714063 0.260937 0.025000 0.053125
2 0.415625 0.202083 0.048438 0.058333
2 0.285547 0.142708 0.046094 0.058333
2 0.291797 0.190625 0.061719 0.050000
2 0.181250 0.023438 0.064062 0.044792
2 0.149219 0.654167 0.045312 0.085417
2 0.170703 0.585417 0.053906 0.070833
2 0.166406 0.729688 0.040625 0.042708
2 0.066016 0.766146 0.033594 0.036458
2 0.215625 0.722917 0.051562 0.064583
2 0.295703 0.761979 0.030469 0.044792
2 0.316406 0.734896 0.034375 0.042708
2 0.259375 0.735938 0.032813 0.036458
2 0.289062 0.981771 0.050000 0.036458
2 0.551562 0.901042 0.096875 0.066667
2 0.644141 0.749479 0.046094 0.065625
2 0.625781 0.865104 0.046875 0.046875
2 0.725391 0.821354 0.044531 0.084375
2 0.735156 0.730729 0.043750 0.051042
2 0.757031 0.700000 0.040625 0.068750
1 0.732031 0.616146 0.057813 0.046875
2 0.673828 0.557292 0.028906 0.041667
2 0.695312 0.397917 0.048438 0.110417
2 0.622656 0.333333 0.042188 0.058333
2 0.617969 0.423438 0.037500 0.065625
2 0.516016 0.511979 0.058594 0.098958
2 0.578125 0.597917 0.092188 0.145833
2 0.497266 0.855729 0.061719 0.044792
1 0.547656 0.753125 0.043750 0.077083
1 0.435547 0.528646 0.033594 0.167708
2 0.019922 0.875000 0.038281 0.097917
2 0.614062 0.213542 0.032813 0.039583
2 0.921484 0.081250 0.025781 0.037500
2 0.562500 0.064583 0.056250 0.064583
2 0.533984 0.184375 0.050781 0.054167
2 0.582031 0.238542 0.035937 0.035417
2 0.350781 0.073438 0.050000 0.021875
1 0.851953 0.448437 0.021094 0.032292
1 0.823047 0.515104 0.017969 0.028125
1 0.973828 0.432292 0.052344 0.041667
0 0.948438 0.526042 0.034375 0.131250
