1 0.163281 0.075000 0.142187 0.147917
1 0.053516 0.141146 0.069531 0.153125
1 0.076953 0.319271 0.096094 0.123958
0 0.087891 0.900000 0.066406 0.200000
0 0.090625 0.967187 0.179688 0.065625
0 0.029297 0.935417 0.057031 0.129167
1 0.767578 0.935417 0.039844 0.043750
0 0.883984 0.633854 0.147656 0.219792
0 0.759766 0.578125 0.105469 0.145833
0 0.419922 0.502083 0.153906 0.195833
2 0.552734 0.356250 0.046094 0.093750
1 0.526953 0.446354 0.074219 0.090625
1 0.476172 0.411458 0.089844 0.077083
1 0.283594 0.370833 0.109375 0.152083
1 0.308594 0.532292 0.085938 0.170833
1 0.576172 0.181250 0.077344 0.068750
1 0.542578 0.129688 0.066406 0.053125
1 0.465234 0.164062 0.096094 0.073958
1 0.365625 0.151042 0.057813 0.066667
1 0.290625 0.173958 0.042188 0.031250
1 0.430078 0.096354 0.071094 0.105208
1 0.409766 0.147396 0.108594 0.101042
2 0.038281 0.233854 0.023438 0.032292
2 0.182812 0.245833 0.032813 0.066667
2 0.144531 0.284896 0.051562 0.128125
2 0.180469 0.676562 0.037500 0.053125
2 0.198828 0.650521 0.039844 0.063542
2 0.154688 0.648438 0.051562 0.065625
2 0.103906 0.616146 0.059375 0.030208
2 0.136719 0.580208 0.051562 0.062500
2 0.035156 0.663021 0.037500 0.042708
2 0.018359 0.634375 0.027344 0.039583
2 0.141406 0.758333 0.034375 0.031250
2 0.130859 0.729688 0.047656 0.059375
2 0.017578 0.781771 0.033594 0.057292
2 0.018359 0.733854 0.035156 0.042708
2 0.053516 0.781250 0.024219 0.035417
2 0.116797 0.649479 0.039844 0.038542
2 0.142187 0.457292 0.029687 0.045833
2 0.015625 0.398438 0.029687 0.030208
1 0.450391 0.024479 0.035156 0.046875
2 0.510547 0.042188 0.035156 0.053125
2 0.690625 0.222917 0.098437 0.139583
2 0.675391 0.142187 0.074219 0.053125
1 0.780078 0.250521 0.083594 0.098958
1 0.650391 0.474479 0.060156 0.078125
1 0.923047 0.505729 0.055469 0.044792
2 0.639844 0.384375 0.032813 0.043750
2 0.714453 0.408854 0.049219 0.088542
2 0.730859 0.315104 0.047656 0.061458
2 0.764062 0.319271 0.017188 0.040625
2 0.652734 0.257812 0.036719 0.042708
0 0.973437 0.079167 0.053125 0.145833
0 0.835156 0.036979 0.078125 0.071875
0 0.901172 0.019271 0.072656 0.036458
2 0.757031 0.093750 0.048438 0.064583
2 0.696484 0.094792 0.036719 0.025000
2 0.670703 0.083854 0.021094 0.040625
1 0.754687 0.175000 0.026562 0.100000
2 0.558984 0.091667 0.032031 0.041667
2 0.316406 0.291667 0.029687 0.045833
2 0.304297 0.907813 0.047656 0.044792
2 0.590625 0.756771 0.037500 0.084375
2 0.545703 0.856250 0.030469 0.037500
2 0.679297 0.825521 0.021094 0.061458
2 0.524609 0.822917 0.049219 0.054167
2 0.708203 0.868229 0.046094 0.073958
2 0.628516 0.867708 0.052344 0.052083
2 0.590234 0.813021 0.060156 0.028125
2 0.660156 0.564583 0.054688 0.077083
2 0.900781 0.453125 0.067187 0.100000
2 0.906250 0.734375 0.039062 0.062500
2 0.858984 0.866146 0.038281 0.055208
2 0.973047 0.930729 0.047656 0.048958
2 0.976562 0.832812 0.026562 0.061458
2 0.912500 0.868229 0.050000 0.113542
2 0.882031 0.786458 0.046875 0.029167
1 0.741797 0.683854 0.035156 0.044792
2 0.560156 0.966146 0.045312 0.053125
2 0.720703 0.949479 0.032031 0.032292
