0 0.744922 0.067708 0.150781 0.133333
0 0.642188 0.041146 0.060937 0.080208
0 0.601172 0.011458 0.110156 0.020833
0 0.432812 0.596354 0.118750 0.178125
0 0.962891 0.129688 0.046094 0.123958
0 0.033594 0.942708 0.065625 0.064583
0 0.161328 0.962500 0.071094 0.075000
2 0.116797 0.328646 0.141406 0.086458
2 0.173828 0.293229 0.072656 0.071875
2 0.196484 0.218750 0.055469 0.091667
2 0.078125 0.192188 0.081250 0.086458
2 0.255859 0.128646 0.046094 0.119792
1 0.382812 0.088542 0.146875 0.150000
1 0.501172 0.068750 0.064844 0.093750
1 0.173437 0.026042 0.045312 0.050000
1 0.261719 0.394271 0.037500 0.038542
1 0.354297 0.330208 0.067969 0.068750
2 0.310156 0.623958 0.039062 0.016667
2 0.358203 0.578125 0.032031 0.052083
2 0.556641 0.428646 0.083594 0.128125
2 0.453516 0.337500 0.110156 0.066667
1 0.720313 0.561458 0.092188 0.127083
1 0.491406 0.959896 0.062500 0.080208
1 0.599609 0.981250 0.041406 0.037500
1 0.947266 0.495833 0.049219 0.070833
1 0.964844 0.267708 0.070312 0.170833
1 0.804688 0.350521 0.065625 0.090625
1 0.748047 0.187500 0.099219 0.102083
1 0.633984 0.185938 0.083594 0.080208
1 0.840234 0.119792 0.060156 0.110417
1 0.585938 0.059375 0.056250 0.039583
1 0.563281 0.218750 0.073438 0.106250
1 0.503516 0.230729 0.024219 0.046875
1 0.021875 0.048438 0.042188 0.030208
2 0.021094 0.471875 0.040625 0.089583
2 0.062891 0.547396 0.057031 0.078125
2 0.019531 0.567708 0.037500 0.064583
2 0.177734 0.570312 0.032031 0.051042
1 0.235156 0.847396 0.115625 0.076042
1 0.249219 0.941667 0.089063 0.087500
2 0.200781 0.360417 0.021875 0.052083
2 0.062500 0.264062 0.028125 0.053125
2 0.037109 0.295833 0.028906 0.054167
1 0.795312 0.934375 0.032813 0.045833
2 0.570312 0.527604 0.039062 0.053125
2 0.566016 0.597396 0.028906 0.042708
2 0.483594 0.534375 0.032813 0.033333
2 0.397266 0.432812 0.049219 0.030208
1 0.535937 0.332292 0.045312 0.062500
1 0.400000 0.488021 0.042188 0.044792
2 0.341797 0.508333 0.024219 0.037500
2 0.258594 0.535417 0.028125 0.027083
2 0.393359 0.543750 0.033594 0.045833
2 0.402344 0.888542 0.031250 0.039583
2 0.403516 0.938021 0.033594 0.036458
1 0.480469 0.892708 0.050000 0.056250
2 0.275781 0.421875 0.056250 0.035417
2 0.290625 0.345313 0.082812 0.059375
1 0.933594 0.211458 0.046875 0.058333
2 0.858203 0.342708 0.036719 0.081250
2 0.754687 0.392188 0.029687 0.096875
2 0.948828 0.412500 0.033594 0.077083
1 0.985547 0.416667 0.028906 0.066667
2 0.906641 0.514062 0.038281 0.094792
2 0.792578 0.459375 0.053906 0.037500
2 0.810547 0.508333 0.017969 0.041667
2 0.853516 0.676562 0.022656 0.055208
2 0.952344 0.707292 0.032813 0.047917
2 0.874609 0.809375 0.019531 0.050000
2 0.889062 0.857292 0.031250 0.033333
1 0.953906 0.963542 0.029687 0.056250
1 0.830859 0.864583 0.024219 0.047917
2 0.982422 0.888021 0.032031 0.030208
2 0.897266 0.615104 0.017969 0.044792
1 0.587500 0.130729 0.070312 0.057292
1 0.019922 0.205208 0.038281 0.075000
2 0.076172 0.408333 0.061719 0.058333
2 0.076953 0.423958 0.014844 0.093750
1 0.153125 0.887500 0.050000 0.075000
2 0.044141 0.883854 0.041406 0.059375
