0 0.057031 0.282292 0.112500 0.218750
2 0.084766 0.115625 0.044531 0.064583
2 0.083203 0.026562 0.039844 0.048958
2 0.203906 0.142708 0.059375 0.077083
2 0.132422 0.165104 0.027344 0.055208
2 0.239063 0.164062 0.053125 0.059375
0 0.353125 0.074479 0.118750 0.146875
2 0.456641 0.138021 0.080469 0.053125
0 0.356250 0.310937 0.134375 0.157292
0 0.346875 0.558854 0.162500 0.194792
1 0.495703 0.491146 0.164844 0.284375
2 0.482422 0.910417 0.067969 0.068750
2 0.632031 0.928125 0.053125 0.043750
2 0.807813 0.922396 0.048438 0.028125
2 0.843359 0.900521 0.035156 0.053125
2 0.685547 0.743750 0.035156 0.054167
2 0.890625 0.889583 0.035937 0.039583
2 0.896875 0.790625 0.034375 0.039583
2 0.876563 0.775000 0.031250 0.043750
2 0.883594 0.681771 0.034375 0.065625
2 0.779297 0.707292 0.050781 0.050000
2 0.924219 0.594792 0.048438 0.035417
2 0.966016 0.692708 0.035156 0.056250
2 0.963281 0.456250 0.067187 0.081250
2 0.971094 0.540104 0.053125 0.076042
2 0.991016 0.580208 0.017969 0.072917
1 0.896094 0.519792 0.050000 0.106250
1 0.828125 0.527083 0.046875 0.062500
2 0.739062 0.918750 0.050000 0.031250
2 0.685937 0.829167 0.035937 0.043750
2 0.760938 0.837500 0.025000 0.045833
2 0.803906 0.813021 0.032813 0.021875
2 0.988672 0.925521 0.022656 0.036458
2 0.402734 0.919271 0.042969 0.026042
2 0.300000 0.950000 0.054688 0.056250
2 0.253516 0.906250 0.085156 0.095833
2 0.163281 0.707812 0.053125 0.040625
2 0.367188 0.821875 0.076563 0.104167
2 0.082422 0.795833 0.042969 0.079167
2 0.119141 0.758333 0.028906 0.050000
0 0.080859 0.630208 0.072656 0.100000
2 0.048828 0.437500 0.035156 0.072917
2 0.072266 0.513021 0.028906 0.030208
2 0.137500 0.472396 0.028125 0.048958
2 0.291016 0.063542 0.033594 0.043750
2 0.832031 0.390625 0.029687 0.070833
2 0.815234 0.308854 0.042969 0.065625
2 0.951172 0.309896 0.041406 0.053125
2 0.668359 0.445312 0.078906 0.082292
2 0.649609 0.288021 0.050781 0.057292
2 0.612109 0.104688 0.067969 0.061458
2 0.892969 0.105208 0.059375 0.085417
2 0.862891 0.047396 0.047656 0.082292
2 0.164062 0.650000 0.057813 0.014583
2 0.516797 0.598958 0.046094 0.031250
